tv,0.962863625636,-4,-4,238
shelf,0.044357652632,3,-18,229
tv,1.18853860921,-5,-5,241
shelf,-0.470617547322,3,-16,230
tv,0.975153143093,-4,-5,235
shelf,0.0248965062461,3,-18,230
tv,0.954841253872,-4,-4,240
shelf,0.211873095239,3,-19,233
tv,0.481465805838,-2,-5,238
shelf,0.0248965062461,2,-18,230
tv,0.954841253872,-4,-4,240
shelf,0.51974072811,4,-20,230
tv,0.719156116545,-3,-5,239
shelf,0.252055423316,3,-19,231
tv,0.719156116545,-3,-5,239
shelf,0.0248965062461,3,-18,230
tv,0.950879985937,-4,-4,241
shelf,0.0248965062461,2,-18,230
tv,1.4380857074,-6,-3,239
shelf,0.252055423316,3,-19,231
tv,1.4380857074,-6,-5,239
shelf,-0.129195045016,2,-17,225
tv,1.18362869273,-5,-3,242
shelf,0.252055423316,5,-19,231
tv,1.19848165012,-5,-5,239
shelf,0.456066985648,4,-20,233
tv,1.19848165012,-5,-4,239
shelf,-0.148241725941,3,-17,226
tv,0.954841253872,-4,-3,240
shelf,0.231878236399,4,-19,232
tv,0.95883566125,-4,-4,239
shelf,0.292934868529,3,-19,229
tv,0.95883566125,-4,-4,239
shelf,0.252055423316,4,-19,231
tv,0.719156116545,-3,-4,239
shelf,0.252055423316,3,-19,231
tv,0.966925571644,-4,-6,237
shelf,0.00560283332632,3,-18,231
tv,0.950879985937,-4,-2,241
shelf,0.477109947649,3,-20,232
tv,0.95883566125,-4,-5,239
shelf,0.292934868529,3,-19,229
tv,1.19348942398,-5,-4,240
shelf,-0.185836650847,1,-17,228
tv,0.954841253872,-4,-5,240
shelf,0.044357652632,2,-18,229
tv,0.95883566125,-4,-4,239
shelf,-0.0324906484649,4,-18,233
tv,0.713188635018,-3,-4,241
shelf,-0.271431031111,0,-16,219
tv,0.713188635018,-3,-4,241
shelf,11.3255808098,1,-63,223
tv,0.719156116545,-3,-5,239
shelf,22.9981531786,1,-107,206
tv,0.954841253872,-4,-3,240
shelf,30.4809373011,2,-132,189
tv,0.954841253872,-4,-5,240
shelf,37.143556245,1,-158,178
tv,0.954841253872,-4,-4,240
shelf,43.1447102388,2,-173,158
tv,0.719156116545,-3,-5,239
shelf,49.7882929313,0,-193,139
tv,1.19348942398,-5,-3,240
shelf,55.0844550805,2,-204,120
tv,0.950879985937,-4,-3,241
shelf,61.1835242522,1,-223,101
tv,1.18362869273,-5,-5,242
shelf,66.1734859657,2,-236,83
tv,0.95883566125,-4,-4,239
shelf,71.4042045059,1,-246,62
tv,1.19848165012,-5,-5,239
shelf,77.4198976458,3,-252,36
tv,0.95883566125,-4,-4,239
shelf,82.8662248405,1,-256,12
tv,0.719156116545,-3,-5,239
shelf,89.0579949757,1,-261,-16
tv,1.18853860921,-5,-4,241
shelf,94.8314649188,3,-257,-42
tv,0.47745377731,-2,-4,240
shelf,100.271440915,4,-255,-67
tv,1.19848165012,-5,-5,239
shelf,100.161798148,4,-257,-67
tv,0.95883566125,-4,-5,239
shelf,100.425682002,4,-256,-68
tv,0.713188635018,-3,-4,241
shelf,100.37035208,4,-257,-68
tv,1.19348942398,-5,-3,240
shelf,103.502324309,6,-250,-81
tv,0.954841253872,-4,-3,240
shelf,106.556789431,3,-250,-96
tv,1.19848165012,-5,-4,239
shelf,107.15356573,5,-250,-99
tv,1.19848165012,-5,-4,239
shelf,113.062002624,5,-240,-125
tv,0.954841253872,-4,-4,240
shelf,115.697421134,5,-229,-133
tv,0.954841253872,-4,-3,240
shelf,121.406665988,3,-220,-159
tv,1.4380857074,-6,-3,239
shelf,121.235220246,6,-220,-158
tv,0.954841253872,-4,-4,240
shelf,120.524772824,6,-223,-156
tv,0.47745377731,-2,-5,240
shelf,121.087677792,6,-224,-160
tv,1.19848165012,-5,-4,239
shelf,121.039039621,6,-223,-159
tv,0.954841253872,-4,-5,240
shelf,120.989903519,5,-222,-158
tv,0.719156116545,-3,-3,239
shelf,121.039039621,7,-223,-159
tv,0.95883566125,-4,-5,239
shelf,121.331073862,7,-222,-160
tv,1.19348942398,-5,-4,240
shelf,121.087677792,6,-224,-160
tv,0.713188635018,-3,-4,241
shelf,120.868341553,5,-223,-158
tv,0.71615994547,-3,-4,240
shelf,120.645816787,5,-222,-156
tv,0.954841253872,-4,-5,240
shelf,121.331073862,8,-222,-160
tv,0.946951446773,-4,-4,242
shelf,121.546807488,7,-223,-162
tv,0.71615994547,-3,-5,240
shelf,121.37827097,6,-223,-161
tv,0.473508058735,-2,-5,242
shelf,121.90719742,5,-216,-159
tv,0.954841253872,-4,-5,240
shelf,120.404455566,6,-224,-156
tv,0.954841253872,-4,-4,240
shelf,121.160852439,6,-222,-159
tv,1.19848165012,-5,-5,239
shelf,121.283392759,6,-221,-159
tv,2.38594403039,-10,-4,240
shelf,121.160852439,5,-222,-159
tv,179.072214226,4,-2,247
shelf,120.868341553,5,-223,-158
tv,175.965072484,17,-7,241
shelf,120.940261875,5,-221,-157
tv,174.41013104,23,-8,235
shelf,122.210023934,6,-219,-163
tv,172.933270284,30,-9,242
shelf,121.500569437,5,-222,-161
tv,168.642988014,47,-9,234
shelf,122.0910876,6,-224,-166
tv,167.185105892,53,-12,233
shelf,121.669340849,5,-222,-162
tv,164.284179549,65,-11,231
shelf,121.792596659,6,-221,-162
tv,161.640143899,76,-12,229
shelf,121.160852439,7,-222,-159
tv,159.304549266,85,-13,225
shelf,121.331073862,6,-222,-160
tv,156.259395465,95,-10,216
shelf,121.453858018,5,-221,-160
tv,153.755630807,106,-16,215
shelf,121.453858018,6,-221,-160
tv,152.263636978,112,-14,213
shelf,120.271280196,6,-228,-158
tv,149.118921303,122,-16,204
shelf,121.283392759,4,-221,-159
tv,146.98635653,128,-18,197
shelf,121.916580173,5,-220,-162
tv,145.784297868,136,-16,200
shelf,120.524772824,5,-223,-156
tv,142.704997199,147,-16,193
shelf,121.37827097,6,-223,-161
tv,141.4868217,152,-19,191
shelf,121.453858018,6,-221,-160
tv,138.836248122,160,-20,183
shelf,121.160852439,6,-222,-159
tv,135.850023381,166,-21,171
shelf,120.818225493,7,-222,-157
tv,134.179199714,177,-22,172
shelf,122.503908993,6,-218,-164
tv,131.118623968,181,-20,158
shelf,121.039039621,4,-223,-159
tv,128.990994043,189,-21,153
shelf,121.039039621,7,-223,-159
tv,126.343824304,193,-23,142
shelf,121.453858018,7,-221,-160
tv,124.145819796,202,-21,137
shelf,121.331073862,6,-222,-160
tv,121.328692868,207,-24,126
shelf,120.124191474,5,-222,-153
tv,119.919208689,212,-25,122
shelf,121.623592073,6,-221,-161
tv,118.536410234,217,-25,118
shelf,121.039039621,4,-223,-159
tv,115.00282626,223,-26,104
shelf,120.747503285,8,-224,-158
tv,112.494295188,227,-24,94
shelf,121.331073862,6,-222,-160
tv,110.637546985,231,-24,87
shelf,120.627383335,8,-225,-158
tv,108.434948823,237,-26,79
shelf,121.623592073,6,-221,-161
tv,106.677062362,237,-24,71
shelf,121.160852439,5,-222,-159
tv,106.297488438,236,-27,69
shelf,121.160852439,7,-222,-159
tv,106.454961383,237,-25,70
shelf,121.331073862,6,-222,-160
tv,106.389540334,238,-24,70
shelf,122.041296684,6,-219,-162
tv,106.389540334,238,-25,70
shelf,121.087677792,7,-224,-160
tv,107.051964854,238,-24,73
shelf,121.112194598,6,-221,-158
tv,106.765202508,239,-25,72
shelf,121.623592073,6,-221,-161
tv,106.454961383,237,-25,70
shelf,121.37827097,5,-223,-161
tv,106.454961383,237,-24,70
shelf,121.20901556,7,-223,-160
tv,106.831668758,238,-24,72
shelf,121.500569437,6,-222,-161
tv,106.454961383,237,-25,70
shelf,121.453858018,6,-221,-160
tv,106.610858991,238,-25,71
shelf,121.160852439,6,-222,-159
tv,106.324623322,239,-25,70
shelf,121.160852439,8,-222,-159
tv,106.610858991,238,-25,71
shelf,121.039039621,8,-223,-159
tv,106.103583736,239,-25,69
shelf,121.331073862,6,-222,-160
tv,106.389540334,238,-25,70
shelf,121.331073862,8,-222,-160
tv,108.079078992,242,-24,79
shelf,120.868341553,7,-223,-158
tv,109.685107582,232,-24,83
shelf,121.160852439,5,-222,-159
tv,113.22918089,226,-26,97
shelf,121.826619358,7,-218,-160
tv,116.048886947,223,-24,109
shelf,121.20901556,6,-223,-160
tv,118.33223696,217,-24,117
shelf,121.283392759,5,-221,-159
tv,119.802785046,213,-24,122
shelf,120.696919796,6,-223,-157
tv,122.106255955,204,-25,128
shelf,121.160852439,5,-222,-159
tv,123.951094328,202,-24,136
shelf,121.453858018,5,-221,-160
tv,126.062299184,195,-25,142
shelf,121.331073862,5,-222,-160
tv,128.732518595,192,-22,154
shelf,121.577373385,6,-220,-160
tv,130.446232021,183,-21,156
shelf,121.331073862,5,-222,-160
tv,132.842049548,179,-21,166
shelf,121.331073862,7,-222,-160
tv,134.495944563,172,-22,169
shelf,121.087677792,6,-224,-160
tv,136.986340696,167,-23,179
shelf,121.112194598,5,-221,-158
tv,138.990913098,160,-20,184
shelf,121.453858018,6,-221,-160
tv,141.670952674,151,-19,191
shelf,120.989903519,5,-222,-158
tv,142.750036423,146,-20,192
shelf,120.940261875,6,-221,-157
tv,144.323591778,140,-18,195
shelf,120.917948937,6,-224,-159
tv,146.906052022,131,-19,201
shelf,120.818225493,8,-222,-157
tv,148.250285686,125,-14,202
shelf,121.83738982,7,-222,-163
tv,150.968677403,116,-17,209
shelf,121.283392759,6,-221,-159
tv,152.795988924,110,-16,214
shelf,121.112194598,5,-221,-158
tv,154.069193537,106,-15,218
shelf,122.210023934,6,-219,-163
tv,155.915136629,97,-14,217
shelf,121.256691401,7,-224,-161
tv,158.064617774,89,-14,221
shelf,121.577373385,4,-220,-160
tv,159.500543186,83,-14,222
shelf,120.767592968,7,-221,-156
tv,161.791515529,75,-13,228
shelf,121.453858018,6,-221,-160
tv,163.231918259,69,-12,229
shelf,121.039039621,7,-223,-159
tv,165.20761248,61,-11,231
shelf,121.112194598,7,-221,-158
tv,166.951516932,54,-9,233
shelf,121.039039621,6,-223,-159
tv,168.970468776,46,-9,236
shelf,120.940261875,7,-221,-157
tv,170.577219386,39,-9,235
shelf,121.871831115,6,-219,-161
tv,173.262111405,28,-8,237
shelf,121.160852439,7,-222,-159
tv,174.999355402,21,-6,240
shelf,121.039039621,6,-223,-159
tv,176.423665625,15,-7,240
shelf,121.039039621,6,-223,-159
tv,178.308211432,7,-7,237
shelf,122.295251477,6,-221,-165
tv,178.555874469,6,-3,238
shelf,121.623592073,6,-221,-161
tv,5.10648457233,-21,18,235
shelf,121.453858018,6,-221,-160
tv,0.971021931079,-4,-6,236
shelf,121.669340849,6,-222,-162
tv,0.719156116545,-3,-7,239
shelf,121.881730573,6,-223,-164
tv,1.43209618416,-6,-4,240
shelf,121.063034447,6,-220,-157
tv,1.19848165012,-5,-4,239
shelf,121.331073862,5,-222,-160
tv,1.19348942398,-5,-5,240
shelf,121.960873545,5,-221,-163
tv,0.954841253872,-4,-3,240
shelf,121.453858018,8,-221,-160
tv,0.950879985937,-4,-5,241
shelf,121.453858018,7,-221,-160
tv,1.43209618416,-6,-4,240
shelf,121.283392759,6,-221,-159
tv,1.19848165012,-5,-5,239
shelf,121.37827097,7,-223,-161
tv,1.19848165012,-5,-4,239
shelf,121.83738982,5,-222,-163
tv,1.43209618416,-6,-6,240
shelf,121.039039621,6,-223,-159
tv,1.19348942398,-5,-5,240
shelf,121.039039621,7,-223,-159
tv,0.95883566125,-4,-5,239
shelf,121.453858018,7,-221,-160
tv,1.19848165012,-5,-5,239
shelf,121.283392759,6,-221,-159
tv,1.4380857074,-6,-5,239
shelf,121.331073862,6,-222,-160
tv,0.95883566125,-4,-5,239
shelf,121.331073862,6,-222,-160
tv,1.19348942398,-5,-4,240
shelf,121.500569437,5,-222,-161
tv,1.67763946615,-7,-4,239
shelf,120.917948937,6,-224,-159
tv,1.18853860921,-5,-4,241
shelf,121.453858018,6,-221,-160
