tv,-3,-4,241
shelf,4,-18,231
tv,-4,-5,240
shelf,4,-18,231
tv,-3,-5,241
shelf,3,-17,231
tv,-3,-5,240
shelf,2,-19,234
tv,-4,-5,240
shelf,3,-19,232
tv,-3,-3,240
shelf,2,-18,233
tv,-4,-3,244
shelf,5,-19,230
tv,-4,-3,240
shelf,3,-18,231
tv,-4,-4,239
shelf,4,-18,232
tv,-4,-4,240
shelf,4,-18,233
tv,-3,-5,240
shelf,2,-20,233
tv,-4,-3,240
shelf,2,-19,228
tv,-5,-4,240
shelf,3,-19,233
tv,-4,-2,241
shelf,4,-39,241
tv,-4,-2,240
shelf,3,-80,215
tv,-4,-4,241
shelf,2,-113,203
tv,-3,-4,240
shelf,2,-136,190
tv,-4,-3,240
shelf,1,-158,173
tv,-5,-4,239
shelf,1,-181,157
tv,-3,-4,241
shelf,1,-192,137
tv,-4,-7,237
shelf,2,-214,117
tv,-4,-4,240
shelf,4,-226,97
tv,-6,-2,240
shelf,1,-238,76
tv,-4,-6,240
shelf,-2,-244,51
tv,-4,-4,240
shelf,2,-253,34
tv,-4,-2,237
shelf,3,-254,6
tv,-2,-4,239
shelf,5,-257,-16
tv,-3,-4,240
shelf,2,-266,-43
tv,-4,-5,241
shelf,4,-254,-78
tv,-4,-4,239
shelf,5,-246,-107
tv,-5,-3,241
shelf,4,-245,-119
tv,-4,-3,241
shelf,5,-244,-118
tv,-4,-2,241
shelf,7,-243,-117
tv,-4,-4,240
shelf,6,-242,-119
tv,-4,-3,241
shelf,5,-242,-119
tv,-4,-2,243
shelf,4,-244,-115
tv,-4,-3,239
shelf,4,-242,-119
tv,-3,-3,239
shelf,4,-241,-124
tv,-5,-4,241
shelf,4,-244,-117
tv,-4,-4,240
shelf,5,-242,-118
tv,-3,-5,240
shelf,5,-247,-102
tv,-4,-5,239
shelf,4,-255,-74
tv,-4,-4,241
shelf,3,-258,-54
tv,-3,-4,243
shelf,3,-257,-30
tv,-4,-4,241
shelf,2,-259,-8
tv,-4,-5,239
shelf,2,-256,18
tv,-3,-4,240
shelf,2,-251,36
tv,-4,-5,237
shelf,3,-242,53
tv,-4,-3,240
shelf,2,-238,84
tv,-4,-4,242
shelf,3,-228,95
tv,-4,-4,241
shelf,3,-217,118
tv,-3,-4,239
shelf,2,-204,136
tv,-4,-4,242
shelf,2,-188,148
tv,-4,-4,242
shelf,0,-167,162
tv,-4,-5,240
shelf,3,-149,183
tv,-4,-3,241
shelf,2,-124,196
tv,-4,-3,241
shelf,1,-99,213
tv,-3,-5,240
shelf,2,-63,225
tv,-4,-5,240
shelf,3,-15,257
tv,-5,-6,241
shelf,4,-18,233
tv,-6,-5,241
shelf,4,-20,231
tv,-4,-3,239
shelf,4,-19,230
tv,-4,-5,240
shelf,3,-19,231
tv,-5,-4,239
shelf,4,-18,232
tv,-4,-5,238
shelf,2,-19,232
tv,-3,-3,238
shelf,3,-18,232
